1, 143, 18
2, 146, 102
3, 155, 171
4, 273, 228
5, 359, 297
6, 390, 279
7, 420, 338
8, 504, 432
9, 602, 402
10, 567, 363
11, 751, 373
12, 675, 512
13, 742, 465
14, 896, 555
15, 974, 488
16, 933, 532
17, 1004, 618
18, 1036, 681
19, 1233, 761
20, 1246, 638
21, 1259, 670
22, 1393, 884
23, 1399, 890
24, 1522, 819
25, 1592, 922
26, 1727, 861
27, 1892, 1001
28, 1883, 1069
29, 2051, 1027
30, 1991, 1102
31, 2045, 1224
32, 2060, 1099
33, 2287, 1091
34, 2240, 1336
35, 2381, 1343
36, 2421, 1355
37, 2492, 1329
38, 2577, 1536
39, 2688, 1494
40, 2686, 1533
41, 2862, 1607
42, 2873, 1755
43, 2942, 1689
44, 3064, 1779
45, 3251, 1872
46, 3272, 1879
47, 3222, 1973
48, 3212, 1968
49, 3473, 2178
50, 3559, 2000
51, 3607, 2051
52, 3457, 2387
53, 3727, 2360
54, 3869, 2524
55, 4107, 2544
56, 3939, 2614
57, 4109, 2523
58, 4226, 2601
59, 4228, 2698
60, 4405, 2589
61, 4327, 2790
62, 4522, 2817
63, 4687, 2776
64, 4617, 3010
65, 4649, 3049
66, 4821, 3278
67, 4904, 3378
68, 5172, 3353
69, 5233, 3669
70, 5369, 3540
71, 5414, 3536
72, 5581, 3563
73, 5427, 3884
74, 5493, 3706
75, 5628, 3832
76, 5785, 3797
77, 5920, 3992
78, 5814, 4146
79, 5895, 3931
80, 6207, 4231
81, 5985, 4310
82, 6089, 4302
83, 6207, 4277
84, 6282, 4887
85, 6572, 4692
86, 6672, 5093
87, 6653, 4314
88, 6705, 5046
89, 6709, 5005
90, 6883, 5111
91, 6905, 5115
92, 7191, 5113
93, 7166, 5060
94, 7369, 5274
95, 7300, 5728
96, 7473, 5525
97, 7529, 5324
98, 7581, 5608
99, 7880, 5361
100, 7742, 6058
101, 8126, 6256
102, 8117, 5948
103, 8044, 6057
104, 8193, 5882
105, 8251, 6505
106, 8690, 6332
107, 13513, 31392
108, 11490, 8170
109, 11637, 9039
110, 23913, 6832
111, 9269, 7910
112, 9082, 7098
113, 9050, 7174
114, 9502, 7833
115, 9325, 7197
116, 9573, 7535
117, 9300, 7580
118, 9617, 7918
119, 9810, 7693
120, 9910, 7342
121, 9898, 8220
122, 10014, 8268
123, 10016, 7940
124, 10097, 8375
125, 10216, 7850
126, 10384, 8656
127, 10272, 9286
128, 10339, 9199
129, 10382, 8533
130, 10433, 7549
131, 10938, 7665
132, 10768, 7635
133, 10853, 7769
134, 11213, 7485
135, 11190, 8287
136, 11221, 7747
137, 11256, 8394
138, 11369, 8437
139, 11675, 8133
140, 11943, 8340
141, 11627, 8277
142, 12261, 8416
143, 11931, 8447
144, 12030, 8408
145, 12445, 8754
146, 12434, 9093
147, 12239, 8985
148, 12503, 9037
149, 12472, 9247
150, 12645, 9623
151, 12900, 9202
152, 12825, 9653
153, 12836, 9625
154, 13007, 9676
155, 12958, 9449
156, 13108, 9944
157, 13226, 10028
158, 13291, 9725
159, 13307, 10180
160, 13362, 9867
161, 13453, 10203
162, 13856, 10381
163, 13826, 10809
164, 13966, 10141
165, 14012, 10688
166, 14230, 10290
167, 14265, 10776
168, 14436, 10684
169, 14460, 11107
170, 14620, 10769
171, 14638, 10811
172, 15073, 11012
173, 14754, 11225
174, 14918, 11205
175, 15349, 11000
176, 14821, 11730
177, 15364, 11803
178, 15629, 11985
179, 15733, 12225
180, 15447, 11673
181, 15949, 12168
182, 15609, 12275
183, 15980, 12152
184, 16112, 12471
185, 15942, 12815
186, 16377, 12849
187, 16621, 12692
188, 16172, 13171
189, 16583, 12566
190, 16329, 12647
191, 16411, 12735
192, 16501, 12545
193, 16846, 13201
194, 16922, 13631
195, 16871, 13123
196, 17308, 13578
197, 17181, 13417
198, 17560, 14270
199, 17363, 14036
200, 17320, 13643
201, 18125, 14234
202, 17956, 14447
203, 17948, 14504
204, 17980, 13779
205, 18191, 14537
206, 18185, 14486
207, 18580, 14652
208, 18410, 14726
209, 19000, 14837
210, 19137, 15447
211, 18970, 15621
212, 18866, 16333
213, 19237, 15562
214, 19406, 15241
215, 19265, 15590
216, 19442, 14896
217, 19652, 16579
218, 19717, 15660
219, 19963, 16092
220, 19937, 16324
221, 20272, 16141
222, 19812, 15870
223, 20008, 15623
224, 20708, 20675
225, 26871, 22571
226, 34485, 16938
227, 20590, 17396
228, 20885, 16869
229, 20674, 18058
230, 21019, 16854
231, 20902, 16439
232, 20963, 16864
233, 21159, 17851
234, 20908, 17909
235, 21480, 17878
236, 21483, 17141
237, 21479, 18261
238, 21648, 18312
239, 21595, 17965
240, 21614, 18534
241, 21558, 17979
242, 22307, 19127
243, 21988, 19666
244, 22038, 19094
245, 22289, 19276
246, 22238, 18842
247, 22282, 18873
248, 22657, 19184
249, 22932, 19670
250, 22077, 19502
251, 22852, 19524
252, 22890, 19565
253, 22885, 20312
254, 23047, 20162
255, 22762, 19727
256, 23368, 19793
257, 23145, 20066
258, 23197, 19564
259, 23445, 19146
260, 23543, 18300
261, 23558, 17959
262, 23761, 18485
263, 24157, 17474
264, 24250, 17986
265, 24247, 18084
266, 24465, 18551
267, 24563, 18145
268, 24641, 18627
269, 24754, 18453
270, 25527, 18809
271, 25459, 18973
272, 24934, 19338
273, 25260, 18831
274, 25580, 19120
275, 25303, 19042
276, 25682, 19267
277, 25524, 18642
278, 25580, 19498
279, 26060, 19797
280, 25889, 19494
281, 25706, 19878
282, 26111, 19818
283, 26534, 19532
284, 26478, 19628
285, 26567, 19688
286, 26502, 20421
287, 26749, 19685
288, 26942, 20986
289, 27048, 20727
290, 27040, 20358
291, 27767, 20625
292, 27276, 20537
293, 27210, 21012
294, 27394, 21140
295, 27595, 50183
296, 36542, 36970
297, 27938, 21455
298, 27866, 21722
299, 28392, 21837
300, 28207, 21447
301, 28607, 21939
302, 28652, 22005
303, 28800, 22151
304, 28696, 21580
305, 28788, 22361
306, 28948, 21870
307, 29130, 22023
308, 29136, 22661
309, 28527, 22990
310, 29155, 22351
311, 29037, 23015
312, 29075, 22471
313, 29429, 23170
314, 29591, 22475
315, 29448, 22844
316, 29647, 22662
317, 29357, 23591
318, 29777, 23342
319, 29681, 23818
320, 29882, 23842
321, 29858, 23443
322, 30645, 23017
323, 30832, 24103
324, 30539, 23830
325, 30242, 23710
326, 30466, 24570
327, 30854, 23787
328, 30578, 24546
329, 31048, 24205
330, 31505, 24603
331, 31396, 24452
332, 31342, 24842
333, 31876, 24310
334, 31705, 24894
335, 32182, 26001
336, 31992, 25591
337, 31479, 25612
338, 32066, 25525
339, 32276, 24969
340, 32788, 25700
341, 32711, 25995
342, 32357, 25665
343, 32792, 25591
344, 32711, 25757
345, 32773, 25663
346, 33020, 26259
347, 33139, 26080
348, 33563, 25991
349, 33613, 26084
350, 33677, 26132
351, 33411, 30895
352, 68198, 56533
353, 34108, 26347
354, 34240, 27087
355, 34334, 26767
356, 34640, 26844
357, 34108, 26844
358, 34761, 28086
359, 34655, 28470
360, 35353, 27823
361, 35284, 27263
362, 35023, 27713
363, 35170, 27946
364, 35142, 28446
365, 35570, 28071
366, 35684, 28706
367, 35631, 28280
368, 35973, 28440
369, 36093, 28644
370, 36262, 28020
371, 35979, 29160
372, 36329, 28934
373, 36345, 29351
374, 36260, 28976
375, 36186, 28876
376, 36358, 29544
377, 36255, 30207
378, 36284, 29580
379, 36828, 29576
380, 37202, 29864
381, 37005, 30154
382, 36929, 29859
383, 37172, 30141
384, 37387, 29740
385, 37069, 30266
386, 37743, 30417
387, 36938, 30761
388, 36973, 29626
389, 37722, 30144
390, 38135, 30896
391, 37888, 30996
392, 38270, 30872
393, 42444, 66240
394, 42887, 46466
395, 38788, 31017
396, 38784, 32023
397, 38399, 59203
398, 82550, 55856
399, 43590, 61143
400, 58744, 59164
401, 67380, 42146
402, 52590, 43596
403, 52922, 42875
404, 53609, 43495
405, 54604, 45050
406, 53771, 44924
407, 53955, 44612
408, 55122, 43864
409, 54623, 44775
410, 54155, 45566
411, 55860, 46120
412, 55344, 45785
413, 56159, 46448
414, 57149, 45911
415, 58114, 45145
416, 55730, 109548
417, 55871, 45220
418, 55329, 45407
419, 56111, 46879
420, 56654, 45682
421, 56828, 45910
422, 56332, 46772
423, 56721, 46967
424, 56895, 46726
425, 57645, 45994
426, 57527, 46435
427, 57063, 59047
428, 60790, 50565
429, 57163, 48346
430, 57443, 47840
431, 57650, 47879
432, 57534, 47141
433, 57946, 49426
434, 58149, 47940
435, 58278, 48019
436, 58665, 48315
437, 58180, 48843
438, 58141, 50348
439, 58445, 49022
440, 58639, 49687
441, 59151, 49266
442, 60412, 49526
443, 59955, 50153
444, 59497, 49476
445, 58913, 49681
446, 58880, 51137
447, 59582, 50210
448, 59248, 50750
449, 60432, 50799
450, 59671, 50631
451, 60109, 61491
452, 55319, 46322
453, 55684, 46218
454, 55571, 45372
455, 55669, 47049
456, 55702, 46929
457, 65172, 46659
458, 56050, 47007
459, 56086, 47225
460, 56371, 47514
461, 56745, 48441
462, 56442, 47329
463, 56726, 48589
464, 56779, 47705
465, 56385, 48676
466, 57135, 48158
467, 57003, 47868
468, 57255, 48172
469, 58045, 66986
470, 64124, 53002
471, 64178, 54247
472, 63738, 54672
473, 64747, 55378
474, 64127, 68094
475, 71988, 54835
476, 77083, 55829
477, 66907, 56067
478, 66136, 54887
479, 71202, 46069
480, 53987, 46928
481, 54276, 47201
482, 54424, 47740
483, 66943, 45142
484, 52056, 44614
485, 52397, 79984
486, 73916, 45450
487, 53052, 44706
488, 52992, 44717
489, 53356, 45490
490, 52747, 44874
491, 52851, 45449
492, 52702, 46388
493, 52692, 46125
494, 52395, 45164
495, 53108, 46687
496, 53378, 46907
497, 53306, 46964
498, 53318, 46011
499, 53016, 46776
500, 53434, 45957
501, 53928, 46901
502, 54063, 47053
503, 53484, 46712
504, 53592, 47748
505, 54080, 46662
506, 54494, 47443
507, 66701, 57485
508, 62312, 50596
509, 77287, 45638
510, 51341, 61680
511, 76274, 69297
512, 65685, 51850
513, 58312, 51201
514, 66458, 53749
515, 85927, 90228
516, 78440, 103756
517, 102643, 66754
518, 97107, 76363
519, 71992, 55830
520, 102553, 94537
521, 71388, 94447
522, 77823, 62350
523, 73443, 51524
524, 73014, 51387
525, 97661, 97814
526, 90162, 46991
527, 60319, 46372
528, 60587, 46301
529, 60267, 47175
530, 60437, 60650
531, 58316, 44823
532, 57938, 44773
533, 58442, 44233
534, 58123, 44996
535, 58124, 44902
536, 58407, 44919
537, 58950, 45777
538, 58513, 89950
539, 71166, 42569
540, 103667, 94901
541, 127221, 58502
542, 56663, 43787
543, 57264, 44196
544, 57428, 46686
545, 57464, 44372
546, 56382, 43579
547, 57556, 44190
548, 57640, 44110
549, 57411, 44653
550, 57348, 44060
551, 58114, 44442
552, 57417, 44966
553, 58200, 45431
554, 57923, 45256
555, 59621, 44749
556, 79688, 73706
557, 93806, 82600
558, 59107, 44947
559, 129058, 69842
560, 101289, 77037
561, 124159, 74521
562, 89412, 78486
563, 113293, 50552
564, 102560, 111437
565, 109671, 78650
566, 102866, 74120
567, 127532, 94982
568, 114855, 79068
569, 78986, 62928
570, 79596, 61326
571, 79924, 62049
572, 78649, 61443
573, 78514, 61938
574, 79290, 60281
575, 79716, 61536
576, 79187, 61801
577, 79376, 62941
578, 79681, 62957
579, 79643, 61687
580, 79656, 64053
581, 80277, 63565
582, 80298, 71204
583, 80455, 63898
584, 81048, 64195
585, 81314, 64111
586, 85087, 63694
587, 80239, 63534
588, 81440, 64396
589, 80922, 64025
590, 82296, 63699
591, 80823, 64182
592, 81878, 64988
593, 82400, 65023
594, 82012, 64697
595, 82645, 65286
596, 82718, 65696
597, 82663, 63915
598, 82432, 64143
599, 83240, 64942
600, 83634, 64891
601, 83724, 65827
602, 83390, 66875
603, 94545, 66268
604, 90170, 66324
605, 84157, 66537
606, 83518, 65727
607, 86065, 67653
608, 84231, 66642
609, 91603, 67417
610, 91210, 70168
611, 85865, 73510
612, 95731, 67043
613, 85039, 72254
614, 98047, 74030
615, 86074, 67217
616, 85002, 68692
617, 85997, 67323
618, 85559, 68699
619, 86194, 69063
620, 85911, 68468
621, 86942, 68698
622, 86202, 68932
623, 85816, 69153
624, 85639, 68592
625, 86296, 70127
626, 86511, 68569
627, 86675, 69230
628, 87143, 68699
629, 87347, 69163
630, 87100, 70445
631, 87609, 70482
632, 87622, 70731
633, 87418, 71301
634, 88110, 69934
635, 89185, 73026
636, 89068, 71963
637, 87660, 72135
638, 89010, 71644
639, 88348, 73126
640, 89294, 74726
641, 108064, 82289
642, 112286, 83999
643, 97788, 84324
644, 88937, 72825
645, 90360, 71806
646, 89097, 72810
647, 89730, 73343
648, 90111, 72386
649, 90359, 73111
650, 90121, 74155
651, 94736, 75676
652, 91912, 73914
653, 91921, 75906
654, 91846, 74462
655, 91237, 75164
656, 91327, 74003
657, 99061, 75075
658, 92425, 74777
659, 90911, 74949
660, 99483, 74612
661, 93826, 77782
662, 95985, 76322
663, 114374, 89610
664, 115041, 90701
665, 118734, 87995
666, 113377, 89261
667, 116100, 79409
668, 101465, 79182
669, 103146, 80185
670, 105319, 79872
671, 101004, 78882
672, 106398, 82543
673, 102977, 80741
674, 103400, 82424
675, 106816, 82263
676, 104012, 82562
677, 109756, 83434
678, 117279, 70521
679, 85408, 68627
680, 84926, 69160
681, 85238, 68183
682, 85034, 69825
683, 85350, 78897
684, 86992, 68344
685, 85734, 69384
686, 85357, 68503
687, 85490, 70275
688, 85913, 69097
689, 88465, 101744
690, 80113, 65097
691, 79667, 64565
692, 79323, 64792
693, 92032, 62562
694, 78438, 62685
695, 77510, 62995
696, 78099, 63296
697, 78840, 64409
698, 78074, 64779
699, 116810, 64694
700, 78467, 64934
701, 78873, 63710
702, 78534, 65370
703, 78810, 65029
704, 78780, 64655
705, 79565, 64743
706, 79470, 65152
707, 79790, 64348
708, 79317, 66053
709, 79868, 78940
710, 127369, 87480
711, 112888, 104253
712, 124437, 83261
713, 94873, 103261
714, 168914, 74970
715, 93051, 75513
716, 99416, 75955
717, 100902, 93931
718, 88302, 100147
719, 105717, 81783
720, 142499, 84366
721, 100938, 73120
722, 94584, 71579
723, 88644, 72772
724, 88995, 72258
725, 89033, 72538
726, 88715, 73514
727, 89665, 73570
728, 89661, 73130
729, 90255, 74484
730, 90185, 73009
731, 90560, 75723
732, 89891, 74895
733, 94940, 84106
734, 111938, 106985
735, 112931, 87738
736, 115227, 93340
737, 148428, 127108
738, 157671, 98619
739, 108919, 69447
740, 84163, 69215
741, 84785, 68812
742, 84475, 68977
743, 85188, 70867
744, 84997, 70493
745, 85085, 69057
746, 84816, 119078
747, 155918, 69654
748, 85353, 70057
749, 85028, 69490
750, 85873, 69822
751, 86212, 102927
752, 126545, 108651
753, 140458, 84024
754, 176437, 135938
755, 158494, 137436
756, 141241, 122860
757, 129996, 818507
758, 845342, 782569
759, 844487, 697140
760, 921840, 744476
761, 877999, 700852
762, 885941, 697977
763, 892148, 726606
764, 845535, 786075
765, 336729, 230454
766, 260989, 217623
767, 267356, 205270
768, 258253, 203198
769, 244003, 205297
770, 259698, 204067
771, 244837, 219473
772, 246661, 166744
773, 190000, 159393
774, 187471, 159331
775, 189223, 157605
776, 190429, 160825
777, 191562, 160391
778, 198063, 161445
779, 191072, 157875
780, 190254, 162043
781, 191255, 162542
782, 191214, 163075
783, 193818, 160817
784, 157370, 133442
785, 158018, 133504
786, 157970, 133778
787, 159395, 132183
788, 165232, 132723
789, 160897, 134177
790, 160543, 135414
791, 160704, 132712
792, 160852, 133280
793, 161848, 133854
794, 162052, 134002
795, 162119, 137034
796, 164494, 138648
797, 174644, 116844
798, 137917, 116966
799, 144392, 115585
800, 137344, 115415
801, 137927, 114809
802, 138025, 115392
803, 138053, 115175
804, 138073, 116598
805, 140286, 115148
806, 139043, 117788
807, 139426, 114735
808, 139911, 117904
809, 140381, 115869
810, 140868, 119335
811, 139666, 117410
812, 144479, 117793
813, 139929, 106418
814, 128794, 103483
815, 121663, 101647
816, 122209, 102534
817, 124078, 103540
818, 125019, 104837
819, 124451, 102611
820, 124477, 103352
821, 129613, 119508
822, 125026, 105218
823, 123752, 103645
824, 125383, 103065
825, 125686, 115712
826, 151327, 102997
827, 137181, 106503
828, 123777, 104173
829, 125012, 104882
830, 156500, 92889
831, 111433, 93284
832, 116360, 110023
833, 111464, 92987
834, 109949, 94006
835, 123361, 98981
836, 111806, 95308
837, 111071, 94544
838, 118840, 94457
839, 114350, 93385
840, 131489, 100541
841, 143922, 95690
842, 113412, 95972
843, 112632, 99733
844, 113278, 96458
845, 114029, 95608
846, 115373, 95661
847, 115780, 95387
848, 115379, 97366
849, 126858, 87278
850, 137997, 140959
851, 134791, 86886
852, 103109, 86717
853, 102780, 85387
854, 102343, 87048
855, 111696, 102835
856, 104689, 86473
857, 103634, 100191
858, 146903, 87143
859, 104000, 87595
860, 103347, 86356
861, 104025, 87138
862, 103552, 89496
863, 103372, 90400
864, 105663, 90740
865, 105185, 91409
866, 106510, 89111
867, 104792, 88781
868, 105583, 90845
869, 114845, 83056
870, 134650, 99436
871, 112920, 99545
872, 97679, 82795
873, 97582, 82629
874, 114479, 84051
875, 97560, 84155
876, 97694, 87913
877, 134150, 154706
878, 166888, 101081
879, 125828, 126210
880, 208738, 120813
881, 120006, 103453
882, 148885, 105467
883, 136224, 136452
884, 101140, 85076
885, 98210, 112337
886, 116863, 85265
887, 99405, 86171
888, 98895, 83571
889, 99604, 85433
890, 99094, 85258
891, 98866, 84297
892, 99421, 84247
893, 100241, 85428
894, 99758, 86067
895, 100308, 85355
896, 100018, 85131
897, 100800, 85528
898, 100069, 87941
899, 101451, 85714
900, 100681, 85372
901, 101343, 85578
902, 101669, 87106
903, 147413, 87284
904, 101827, 87789
905, 101654, 86928
906, 101626, 86816
907, 102328, 86621
908, 101692, 88111
909, 115465, 87944
910, 103089, 87722
911, 101883, 88285
912, 102082, 88690
913, 102204, 86341
914, 102123, 87980
915, 102547, 86458
916, 103041, 87111
917, 102720, 87204
918, 103067, 88479
919, 103339, 91590
920, 173037, 88847
921, 103651, 90070
922, 103802, 88713
923, 103801, 90328
924, 104276, 89561
925, 104652, 90181
926, 104044, 90350
927, 104646, 92823
928, 131011, 120385
929, 105872, 144702
930, 164013, 176075
931, 218074, 168548
932, 177441, 120391
933, 158904, 101623
934, 118080, 99856
935, 117736, 111734
936, 111396, 96638
937, 111869, 96130
938, 111428, 99146
939, 134517, 91522
940, 106738, 91318
941, 106489, 92214
942, 106634, 93558
943, 106071, 94233
944, 107158, 94556
945, 106890, 92842
946, 136238, 129145
947, 155431, 124136
948, 216860, 142271
949, 124874, 92966
950, 108168, 93179
951, 108469, 94262
952, 107730, 93559
953, 108939, 92557
954, 108988, 95526
955, 109442, 93111
956, 108888, 94398
957, 108657, 95854
958, 108767, 93802
959, 109382, 95494
960, 109241, 95305
961, 109158, 94669
962, 109494, 95411
963, 159150, 125775
964, 110079, 94822
965, 163231, 158861
966, 203552, 144393
967, 180502, 110616
968, 140960, 107472
969, 123826, 107590
970, 135403, 149227
971, 151005, 96115
972, 132730, 101471
973, 187121, 115710
974, 111145, 97771
975, 111211, 135549
976, 111486, 98876
977, 111001, 96719
978, 144322, 117530
979, 135837, 182140
980, 743248, 1004697
981, 1181727, 1002157
982, 1134207, 1014233
983, 1176142, 1126546
984, 1197677, 1003429
985, 1144251, 980471
986, 341383, 304031
987, 327920, 286369
988, 328854, 302176
989, 393237, 323968
990, 328264, 290596
991, 339650, 225784
992, 256340, 229968
993, 255157, 226273
994, 257816, 224705
995, 256343, 237547
996, 256483, 226399
997, 257219, 227786
998, 255007, 227715
999, 257146, 234402
1000, 210928, 189162
