2, 691.096000
3, 705.567000
4, 775.020000
5, 671.506000
6, 723.373000
7, 671.225000
8, 691.743000
9, 770.122000
10, 747.342000
11, 672.514000
12, 658.108000
13, 683.958000
14, 701.724000
15, 688.272000
16, 700.281000
17, 673.074000
18, 746.240000
19, 669.077000
20, 652.365000
21, 944.806000
22, 651.558000
23, 740.446000
24, 667.585000
25, 666.585000
26, 664.457000
27, 669.136000
28, 720.131000
29, 667.692000
30, 666.432000
31, 666.961000
32, 669.187000
33, 718.576000
34, 668.246000
35, 668.622000
36, 665.682000
37, 692.504000
38, 705.390000
39, 708.347000
40, 680.925000
41, 677.304000
42, 686.679000
43, 6850.131000
44, 5920.526000
45, 1260.894000
46, 1230.208000
47, 1236.696000
48, 1118.476000
49, 1121.193000
50, 1030.914000
51, 1038.801000
52, 940.846000
53, 889.428000
54, 895.182000
55, 890.636000
56, 891.196000
57, 868.278000
58, 790.015000
59, 782.971000
60, 782.721000
61, 781.595000
62, 741.699000
63, 702.818000
64, 696.022000
65, 697.919000
66, 697.986000
67, 702.163000
68, 659.031000
69, 631.214000
70, 631.431000
71, 632.960000
72, 628.780000
73, 649.911000
74, 632.603000
75, 630.285000
76, 629.458000
77, 629.166000
78, 759.656000
79, 1002.501000
80, 839.108000
81, 716.305000
82, 784.040000
83, 709.031000
84, 710.390000
85, 714.634000
86, 715.541000
87, 712.021000
88, 712.658000
89, 1270.504000
90, 1551.198000
91, 875.101000
92, 853.684000
93, 862.683000
94, 861.137000
95, 819.945000
96, 768.536000
97, 767.345000
98, 888.550000
99, 768.367000
100, 764.459000
101, 709.706000
102, 770.994000
103, 723.552000
104, 710.616000
105, 771.019000
106, 713.200000
107, 787.129000
108, 713.220000
109, 1015.063000
110, 716.116000
111, 774.802000
112, 713.737000
113, 709.358000
114, 713.000000
115, 709.282000
116, 784.911000
117, 772.995000
118, 750.321000
119, 708.940000
120, 764.562000
121, 720.267000
122, 710.908000
123, 728.311000
124, 730.565000
125, 792.446000
126, 725.276000
127, 728.911000
128, 761.900000
129, 754.346000
130, 797.585000
131, 823.969000
132, 751.728000
133, 747.009000
134, 805.849000
135, 747.301000
136, 740.147000
137, 732.347000
138, 756.889000
139, 773.153000
140, 773.059000
141, 748.227000
142, 978.625000
143, 791.218000
144, 750.163000
145, 746.480000
146, 748.803000
147, 875.966000
148, 750.224000
149, 746.883000
150, 744.856000
151, 771.849000
152, 836.292000
153, 765.305000
154, 780.642000
155, 749.068000
156, 979.216000
157, 992.040000
158, 1011.364000
159, 988.055000
160, 1007.388000
161, 1039.465000
162, 1049.725000
163, 960.753000
164, 1041.877000
165, 982.867000
166, 985.319000
167, 987.744000
168, 986.424000
169, 976.315000
170, 1079.917000
171, 982.372000
172, 977.011000
173, 980.207000
174, 988.147000
175, 979.085000
176, 978.785000
177, 986.140000
178, 975.539000
179, 1214.676000
180, 1083.464000
181, 1030.409000
182, 1097.015000
183, 948.577000
184, 1102.422000
185, 959.869000
186, 960.791000
187, 1081.318000
188, 960.780000
189, 964.398000
190, 1013.402000
191, 1068.859000
192, 987.388000
193, 1258.410000
194, 1124.506000
195, 1319.426000
196, 965.325000
197, 998.992000
198, 993.169000
199, 964.155000
200, 959.964000
201, 1035.514000
202, 975.646000
203, 1049.073000
204, 1045.891000
205, 967.032000
206, 957.797000
207, 990.878000
208, 1023.090000
209, 982.504000
210, 979.436000
211, 1038.895000
212, 1051.143000
213, 972.969000
214, 984.917000
215, 1014.981000
216, 1011.627000
217, 1008.855000
218, 1019.807000
219, 984.272000
220, 980.012000
221, 1152.941000
222, 984.904000
223, 982.572000
224, 989.954000
225, 991.332000
226, 987.122000
227, 999.949000
228, 1027.012000
229, 1026.823000
230, 984.553000
231, 982.250000
232, 982.886000
233, 973.469000
234, 985.016000
235, 990.905000
236, 1007.822000
237, 1272.221000
238, 993.537000
239, 1069.660000
240, 1037.808000
241, 960.075000
242, 1078.662000
243, 1076.568000
244, 1011.950000
245, 1018.453000
246, 1024.317000
247, 994.157000
248, 944.457000
249, 987.613000
250, 1015.962000
251, 1014.913000
252, 1012.384000
253, 1018.492000
254, 1053.698000
255, 986.151000
256, 987.248000
257, 1076.924000
258, 961.440000
259, 1018.194000
260, 982.022000
261, 981.909000
262, 1207.616000
263, 990.764000
264, 1031.328000
265, 986.878000
266, 984.407000
267, 984.979000
268, 976.864000
269, 979.871000
270, 1038.265000
271, 982.657000
272, 981.484000
273, 982.732000
274, 985.586000
275, 980.731000
276, 977.181000
277, 979.018000
278, 973.643000
279, 1011.296000
280, 1042.181000
281, 1080.916000
282, 957.848000
283, 955.617000
284, 987.946000
285, 1065.486000
286, 982.556000
287, 1033.105000
288, 983.401000
289, 987.076000
290, 982.852000
291, 1019.894000
292, 1032.054000
293, 982.812000
294, 979.506000
295, 1086.304000
296, 991.674000
297, 978.566000
298, 975.357000
299, 984.519000
300, 976.103000
301, 1012.416000
302, 1023.125000
303, 990.655000
304, 1187.742000
305, 977.877000
306, 1021.977000
307, 982.388000
308, 988.207000
309, 979.839000
310, 981.692000
311, 987.768000
312, 1580.902000
313, 1496.297000
314, 1618.857000
315, 1511.944000
316, 1588.995000
317, 1546.936000
318, 1732.216000
319, 1464.335000
320, 1526.008000
321, 1462.918000
322, 1525.711000
323, 1466.341000
324, 1574.390000
325, 1483.526000
326, 1486.335000
327, 1527.658000
328, 1472.334000
329, 1664.425000
330, 1523.026000
331, 1525.202000
332, 1614.446000
333, 1567.875000
334, 1619.379000
335, 1753.968000
336, 1531.696000
337, 1474.119000
338, 1469.172000
339, 1547.610000
340, 1481.983000
341, 1617.501000
342, 1495.976000
343, 1525.478000
344, 1501.799000
345, 1527.604000
346, 1545.321000
347, 1771.048000
348, 1542.980000
349, 1483.172000
350, 1464.424000
351, 1586.229000
352, 1516.778000
353, 1537.424000
354, 1516.105000
355, 1567.723000
356, 1503.863000
357, 1526.217000
358, 1867.171000
359, 1442.764000
360, 1607.748000
361, 1476.632000
362, 1466.672000
363, 1485.255000
364, 1578.034000
365, 1575.490000
366, 1511.483000
367, 1590.216000
368, 1534.983000
369, 1470.737000
370, 1528.435000
371, 1492.206000
372, 1540.278000
373, 1523.305000
374, 1510.707000
375, 1549.379000
376, 1752.293000
377, 1511.984000
378, 1499.397000
379, 1522.783000
380, 1506.872000
381, 1516.309000
382, 1603.367000
383, 1534.648000
384, 1664.185000
385, 1598.288000
386, 1524.621000
387, 1746.960000
388, 1472.507000
389, 1587.194000
390, 1527.948000
391, 1530.824000
392, 1470.144000
393, 1514.567000
394, 1516.202000
395, 1512.080000
396, 1519.057000
397, 1482.300000
398, 1911.047000
399, 13348.405000
400, 2802.223000
401, 2783.675000
402, 2273.766000
403, 2267.529000
404, 1972.553000
405, 2068.321000
406, 1802.890000
407, 1713.252000
408, 1751.989000
409, 1551.286000
410, 1546.115000
411, 1596.943000
412, 1441.617000
413, 1462.759000
414, 1450.551000
415, 1437.430000
416, 1456.866000
417, 1744.598000
418, 1541.120000
419, 1454.624000
420, 1480.074000
421, 1435.507000
422, 1435.456000
423, 1534.815000
424, 1499.347000
425, 1504.962000
426, 1475.179000
427, 1505.475000
428, 1522.245000
429, 1512.922000
430, 1510.993000
431, 1438.423000
432, 1437.160000
433, 1512.077000
434, 1425.547000
435, 1680.727000
436, 1450.549000
437, 1430.829000
438, 1482.111000
439, 1431.628000
440, 1438.329000
441, 1544.103000
442, 1428.888000
443, 1440.997000
444, 1454.415000
445, 1475.291000
446, 1438.956000
447, 1724.939000
448, 1528.171000
449, 1458.810000
450, 1442.688000
451, 1452.810000
452, 1438.289000
453, 1449.161000
454, 1491.890000
455, 1546.782000
456, 1468.898000
457, 1469.033000
458, 1497.059000
459, 1738.094000
460, 1530.013000
461, 1469.554000
462, 1500.501000
463, 1500.767000
464, 1481.259000
465, 1564.854000
466, 1511.914000
467, 1521.502000
468, 1489.897000
469, 1523.199000
470, 1464.796000
471, 1564.960000
472, 1533.812000
473, 1457.083000
474, 1506.245000
475, 1513.844000
476, 1500.153000
477, 1740.300000
478, 1451.535000
479, 1464.570000
480, 1547.814000
481, 1526.134000
482, 1473.721000
483, 1573.642000
484, 1471.596000
485, 1507.231000
486, 1515.230000
487, 1503.390000
488, 1513.111000
489, 1864.471000
490, 1438.591000
491, 1515.742000
492, 1493.027000
493, 1509.999000
494, 1533.338000
495, 1511.163000
496, 1514.179000
497, 1530.946000
498, 1516.807000
499, 1521.587000
500, 1644.568000
